00000000010100000000111000010011
00000000001000000000111010010011
00000000010000000000111100010011
00000000001100000000111110010011
00000001110000000010000000100011
00000001110100000010001000100011
00000001111000000010010000100011
00000001111100000010011000100011
00000000000000000000001010010011
00000000000000000000001100010011
00000000000000000000011000010011
00000001000000000000011010010011
00000000000100000000011100010011
00000001100000000000011110010011
00000000110000000000000001101111
00000000111000110010100000100011
00000010000000000000000001101111
00000000000000000000001100010011
00000000000000000000011000010011
00000000000000101010001110000011
11111110110000111000011011100011
00000000010000110000001100010011
00000000000101100000011000010011
11111111010111111111000001101111
00000000010000101000001010010011
00000000110100101000101001100011
11111101110111111111000001101111
00000000110000110010000000100011
00000000010000110000001100010011
00000001100000000000000001101111
00000000000000000000001010010011
00000000000000000000001100010011
00000000000000000000011000010011
00000001000000101010001110000011
11111110111000111000001011100011
00000000010000101000001010010011
00000000000101100000011000010011
00000000111100101000010001100011
11111110110111111111000001101111
00000000000000000000000000010011
